.values =
array([[-3.46934598e-01, -1.97480198e-02, -1.17316278e-02,
         1.61575734e-01,  9.95208590e-02,  7.68272397e-02,
        -5.65085236e-02, -5.89828559e-02],
       [-3.46934598e-01, -1.97480198e-02, -9.18383439e-03,
         1.61575734e-01,  9.95208590e-02,  7.68272397e-02,
         3.48799243e-02,  6.09009975e-02],
       [-3.46934598e-01, -1.97480198e-02, -1.07150732e-02,
         1.61575734e-01,  9.95208590e-02,  7.68272397e-02,
        -2.60457077e-02, -5.89828559e-02],
       [-3.46934598e-01, -1.97480198e-02, -1.21854469e-02,
         1.61575734e-01,  9.95208590e-02,  7.68272397e-02,
         4.41710832e-03, -3.50060852e-02],
       [-3.46934598e-01, -1.97480198e-02,  3.39551354e-02,
         1.61575734e-01,  9.95208590e-02,  7.68272397e-02,
        -1.08142997e-02,  3.69242268e-02],
       [-3.46934598e-01, -1.97480198e-02, -4.85066345e-03,
        -7.91721096e+00,  1.00516068e+01,  3.02789710e-01,
        -1.08142997e-02, -3.50060852e-02],
       [-3.46934598e-01, -1.97480198e-02, -1.26253844e-02,
         1.61575734e-01,  9.95208590e-02, -1.49135230e-01,
         4.41710832e-03, -3.50060852e-02],
       [-3.46934598e-01, -1.97480198e-02, -1.26664951e-02,
         1.61575734e-01,  9.95208590e-02,  7.68272397e-02,
        -4.12771156e-02, -3.50060852e-02],
       [-3.46934598e-01, -1.97480198e-02,  6.76656996e-03,
         1.61575734e-01,  1.00516068e+01,  3.02789710e-01,
         3.48799243e-02,  1.29474562e-02],
       [-3.46934598e-01, -1.97480198e-02, -6.18328971e-03,
         1.61575734e-01,  9.95208590e-02,  7.68272397e-02,
         4.41710832e-03,  3.69242268e-02],
       [-3.46934598e-01, -1.97480198e-02, -1.12922242e-02,
         1.61575734e-01,  9.95208590e-02,  7.68272397e-02,
         4.41710832e-03,  3.69242268e-02],
       [-3.46934598e-01, -1.97480198e-02, -3.96758500e-03,
        -7.91721096e+00,  1.00516068e+01,  3.02789710e-01,
         3.48799243e-02, -5.89828559e-02],
       [-3.46934598e-01, -1.97480198e-02,  1.39281867e-03,
         1.61575734e-01,  9.95208590e-02,  7.68272397e-02,
         3.48799243e-02, -3.50060852e-02],
       [-3.46934598e-01, -1.97480198e-02, -1.34155634e-02,
         1.61575734e-01,  9.95208590e-02,  7.68272397e-02,
         4.41710832e-03,  1.29474562e-02],
       [-3.46934598e-01, -1.97480198e-02,  3.39914409e-02,
         1.61575734e-01,  9.95208590e-02,  7.68272397e-02,
         4.41710832e-03,  1.29474562e-02],
       [-3.46934598e-01, -1.97480198e-02, -1.19234812e-03,
         1.61575734e-01,  9.95208590e-02,  7.68272397e-02,
        -5.65085236e-02,  6.09009975e-02],
       [-3.46934598e-01, -1.97480198e-02, -1.34427926e-02,
         1.61575734e-01,  9.95208590e-02,  7.68272397e-02,
        -1.08142997e-02, -3.50060852e-02],
       [-3.46934598e-01, -1.97480198e-02, -1.93287400e-03,
         1.61575734e-01,  9.95208590e-02,  7.68272397e-02,
        -2.60457077e-02, -5.89828559e-02],
       [-3.46934598e-01, -1.97480198e-02, -6.68836360e-03,
         1.61575734e-01,  9.95208590e-02, -3.75097700e-01,
         3.48799243e-02, -5.89828559e-02],
       [-3.46934598e-01, -1.97480198e-02,  1.66475451e-02,
         1.61575734e-01,  9.95208590e-02,  7.68272397e-02,
         1.96485163e-02, -3.50060852e-02],
       [-3.46934598e-01, -1.97480198e-02, -7.90459861e-03,
         1.61575734e-01,  9.95208590e-02,  7.68272397e-02,
        -4.12771156e-02,  1.29474562e-02],
       [-3.46934598e-01, -1.97480198e-02, -8.18596642e-03,
         1.61575734e-01,  9.95208590e-02, -1.49135230e-01,
         4.41710832e-03, -5.89828559e-02],
       [-3.46934598e-01, -1.97480198e-02,  2.73665692e-03,
         1.61575734e-01,  9.95208590e-02,  7.68272397e-02,
         3.48799243e-02,  3.69242268e-02],
       [-3.46934598e-01, -1.97480198e-02,  3.96711196e-02,
         1.61575734e-01,  9.95208590e-02,  7.68272397e-02,
         1.96485163e-02,  6.09009975e-02],
       [-3.46934598e-01, -1.97480198e-02, -1.28725823e-02,
         1.61575734e-01,  9.95208590e-02,  7.68272397e-02,
         4.41710832e-03,  1.29474562e-02],
       [-3.46934598e-01, -1.97480198e-02, -1.31486111e-02,
         1.61575734e-01,  9.95208590e-02,  7.68272397e-02,
        -1.08142997e-02,  6.09009975e-02],
       [-3.46934598e-01, -1.97480198e-02, -1.47279013e-02,
         1.61575734e-01,  9.95208590e-02,  7.68272397e-02,
         1.96485163e-02,  1.29474562e-02],
       [-3.46934598e-01, -1.97480198e-02, -1.10012462e-02,
         1.61575734e-01,  9.95208590e-02,  7.68272397e-02,
         4.41710832e-03,  3.69242268e-02],
       [-3.46934598e-01, -1.97480198e-02, -6.14645028e-03,
         1.61575734e-01,  9.95208590e-02,  7.68272397e-02,
         4.41710832e-03, -3.50060852e-02],
       [-3.46934598e-01, -1.97480198e-02,  1.63026427e-02,
         1.61575734e-01,  9.95208590e-02,  7.68272397e-02,
        -4.12771156e-02,  1.29474562e-02],
       [-3.46934598e-01, -1.97480198e-02, -4.13416328e-03,
         1.61575734e-01,  9.95208590e-02,  7.68272397e-02,
         3.48799243e-02, -1.10293145e-02],
       [-3.46934598e-01, -1.97480198e-02,  1.66475451e-02,
         1.61575734e-01,  9.95208590e-02,  7.68272397e-02,
         3.48799243e-02, -5.89828559e-02],
       [-3.46934598e-01, -1.97480198e-02, -2.02897686e-03,
         1.61575734e-01,  9.95208590e-02,  7.68272397e-02,
        -2.60457077e-02, -5.89828559e-02],
       [-3.46934598e-01, -1.97480198e-02, -5.86366229e-04,
         1.61575734e-01,  9.95208590e-02,  7.68272397e-02,
        -1.08142997e-02,  1.29474562e-02],
       [-3.46934598e-01, -1.97480198e-02,  1.54382509e-02,
         1.61575734e-01,  9.95208590e-02,  7.68272397e-02,
         3.48799243e-02, -3.50060852e-02],
       [-3.46934598e-01, -1.97480198e-02, -1.14844300e-02,
         1.61575734e-01,  9.95208590e-02,  7.68272397e-02,
        -2.60457077e-02,  6.09009975e-02],
       [-3.46934598e-01, -1.97480198e-02, -1.46494173e-02,
         1.61575734e-01,  9.95208590e-02,  7.68272397e-02,
         1.96485163e-02,  6.09009975e-02],
       [-3.46934598e-01, -1.97480198e-02, -1.05223336e-02,
         1.61575734e-01,  9.95208590e-02,  7.68272397e-02,
         4.41710832e-03,  6.09009975e-02],
       [-3.46934598e-01, -1.97480198e-02, -9.09307058e-03,
         1.61575734e-01,  9.95208590e-02,  7.68272397e-02,
        -1.08142997e-02, -5.89828559e-02],
       [-3.46934598e-01, -1.97480198e-02,  2.45237080e-02,
         1.61575734e-01,  9.95208590e-02,  7.68272397e-02,
         1.96485163e-02, -5.89828559e-02],
       [ 8.32643036e+00, -1.96882882e-02,  6.10079074e-03,
         1.61575734e-01, -9.85256504e+00, -1.49135230e-01,
        -1.08142997e-02, -3.50060852e-02],
       [-3.46934598e-01, -1.97480198e-02,  3.20542529e-03,
         1.61575734e-01,  9.95208590e-02, -1.49135230e-01,
        -5.65085236e-02,  1.29474562e-02],
       [-3.46934598e-01, -1.97480198e-02, -7.15659806e-03,
         1.61575734e-01,  9.95208590e-02,  7.68272397e-02,
         3.48799243e-02, -5.89828559e-02],
       [-3.46934598e-01, -1.97480198e-02,  2.35450606e-02,
         1.61575734e-01,  9.95208590e-02,  7.68272397e-02,
        -1.08142997e-02,  1.29474562e-02],
       [-3.46934598e-01, -1.97480198e-02,  2.65603731e-03,
         1.61575734e-01,  9.95208590e-02,  7.68272397e-02,
         4.41710832e-03, -3.50060852e-02],
       [-3.46934598e-01, -1.97480198e-02, -1.41795811e-02,
         1.61575734e-01,  9.95208590e-02, -1.49135230e-01,
         4.41710832e-03, -5.89828559e-02],
       [-3.46934598e-01, -1.97480198e-02, -1.25154000e-02,
         1.61575734e-01,  9.95208590e-02,  7.68272397e-02,
        -1.08142997e-02, -5.89828559e-02],
       [-3.46934598e-01, -1.97480198e-02, -5.85387048e-03,
         1.61575734e-01,  9.95208590e-02,  7.68272397e-02,
        -5.65085236e-02, -5.89828559e-02],
       [-3.46934598e-01, -1.97480198e-02, -1.28587008e-02,
         1.61575734e-01,  9.95208590e-02,  7.68272397e-02,
        -4.12771156e-02,  3.69242268e-02],
       [-3.46934598e-01, -1.97480198e-02,  9.52418799e-03,
        -7.91721096e+00,  1.00516068e+01,  3.02789710e-01,
         4.41710832e-03, -3.50060852e-02],
       [-3.46934598e-01, -1.97480198e-02, -1.10994846e-02,
         1.61575734e-01,  9.95208590e-02,  7.68272397e-02,
         3.48799243e-02, -5.89828559e-02],
       [-3.46934598e-01, -1.97480198e-02,  2.29956726e-02,
         1.61575734e-01,  9.95208590e-02,  7.68272397e-02,
        -5.65085236e-02, -5.89828559e-02],
       [-3.46934598e-01, -1.97480198e-02, -8.13577937e-03,
         1.61575734e-01,  9.95208590e-02, -3.75097700e-01,
         1.96485163e-02,  6.09009975e-02],
       [ 8.32643036e+00, -1.83476456e-02, -6.83945864e-03,
         1.61575734e-01, -9.85256504e+00, -1.49135230e-01,
        -4.12771156e-02,  1.29474562e-02],
       [-3.46934598e-01, -1.97480198e-02,  2.21707898e-02,
         1.61575734e-01,  9.95208590e-02,  7.68272397e-02,
        -1.08142997e-02,  1.29474562e-02],
       [-3.46934598e-01, -1.97480198e-02,  6.88847857e-02,
         1.61575734e-01,  9.95208590e-02,  7.68272397e-02,
        -1.08142997e-02,  3.69242268e-02],
       [-3.46934598e-01, -1.97480198e-02,  1.54391372e-03,
         1.61575734e-01,  9.95208590e-02,  7.68272397e-02,
         4.41710832e-03,  6.09009975e-02],
       [-3.46934598e-01, -1.97480198e-02, -6.71559274e-03,
         1.61575734e-01,  9.95208590e-02,  7.68272397e-02,
        -1.08142997e-02,  1.29474562e-02],
       [-3.46934598e-01, -1.97480198e-02,  6.33327102e-02,
         1.61575734e-01,  9.95208590e-02,  7.68272397e-02,
         1.96485163e-02,  1.29474562e-02],
       [-3.46934598e-01, -1.97480198e-02,  1.99721700e-02,
         1.61575734e-01,  9.95208590e-02,  7.68272397e-02,
        -4.12771156e-02,  6.09009975e-02],
       [-3.46934598e-01, -1.97480198e-02, -9.43797305e-03,
         1.61575734e-01,  9.95208590e-02,  7.68272397e-02,
        -4.12771156e-02,  1.29474562e-02],
       [-3.46934598e-01, -1.97480198e-02,  4.98599763e-03,
         1.61575734e-01,  9.95208590e-02,  7.68272397e-02,
        -1.08142997e-02,  1.29474562e-02],
       [-3.46934598e-01, -1.97480198e-02, -7.63230719e-03,
         1.61575734e-01,  9.95208590e-02,  7.68272397e-02,
         4.41710832e-03, -3.50060852e-02],
       [-3.46934598e-01, -1.97480198e-02, -9.71293400e-03,
         1.61575734e-01,  9.95208590e-02, -1.49135230e-01,
         3.48799243e-02, -5.89828559e-02],
       [-3.46934598e-01, -1.97480198e-02, -4.51804080e-03,
         1.61575734e-01,  9.95208590e-02,  7.68272397e-02,
        -5.65085236e-02, -3.50060852e-02],
       [-3.46934598e-01, -1.97480198e-02, -1.32313663e-02,
         1.61575734e-01,  9.95208590e-02,  7.68272397e-02,
        -1.08142997e-02,  3.69242268e-02],
       [-3.46934598e-01, -1.97480198e-02, -2.60684332e-04,
         1.61575734e-01,  9.95208590e-02,  7.68272397e-02,
        -1.08142997e-02, -5.89828559e-02],
       [-3.46934598e-01, -1.97480198e-02, -1.41779794e-02,
         1.61575734e-01,  9.95208590e-02, -1.49135230e-01,
         3.48799243e-02,  1.29474562e-02],
       [-3.46934598e-01, -1.97480198e-02, -2.56661894e-03,
         1.61575734e-01,  9.95208590e-02,  7.68272397e-02,
         1.96485163e-02, -3.50060852e-02],
       [-3.46934598e-01, -1.97480198e-02,  9.52418799e-03,
         1.61575734e-01,  9.95208590e-02,  7.68272397e-02,
         4.41710832e-03,  1.29474562e-02],
       [-3.46934598e-01, -1.97480198e-02, -1.41779794e-02,
         1.61575734e-01,  9.95208590e-02,  7.68272397e-02,
         3.48799243e-02,  6.09009975e-02],
       [-3.46934598e-01, -1.97480198e-02,  7.87904593e-04,
         1.61575734e-01,  9.95208590e-02,  7.68272397e-02,
         1.96485163e-02,  1.29474562e-02],
       [-3.46934598e-01, -1.97480198e-02,  2.32578198e-02,
         1.61575734e-01,  9.95208590e-02,  7.68272397e-02,
         4.41710832e-03, -5.89828559e-02],
       [ 8.32643036e+00, -1.96528917e-02, -1.09211604e-02,
         1.61575734e-01, -9.85256504e+00, -3.75097700e-01,
         4.41710832e-03,  3.69242268e-02],
       [-3.46934598e-01, -1.97480198e-02,  4.29245536e-03,
         1.61575734e-01,  9.95208590e-02, -3.75097700e-01,
        -5.65085236e-02, -5.89828559e-02],
       [-3.46934598e-01, -1.97480198e-02,  2.48465388e-03,
         1.61575734e-01,  9.95208590e-02,  7.68272397e-02,
         4.41710832e-03, -3.50060852e-02],
       [-3.46934598e-01, -1.97480198e-02, -1.78391458e-03,
        -7.91721096e+00,  1.00516068e+01,  3.02789710e-01,
         1.96485163e-02,  6.09009975e-02],
       [-3.46934598e-01, -1.97480198e-02,  3.44141119e-03,
         1.61575734e-01,  9.95208590e-02,  7.68272397e-02,
        -4.12771156e-02,  6.09009975e-02],
       [-3.46934598e-01, -1.97480198e-02,  1.65371657e-04,
         1.61575734e-01,  9.95208590e-02,  7.68272397e-02,
         1.96485163e-02, -5.89828559e-02],
       [-3.46934598e-01, -1.97480198e-02,  7.05381072e-03,
         1.61575734e-01,  9.95208590e-02, -1.49135230e-01,
        -4.12771156e-02, -3.50060852e-02],
       [-3.46934598e-01, -1.97480198e-02, -7.55382319e-03,
        -7.91721096e+00,  1.00516068e+01,  3.02789710e-01,
         4.41710832e-03, -5.89828559e-02],
       [-3.46934598e-01, -1.97480198e-02, -1.09761526e-02,
         1.61575734e-01,  9.95208590e-02,  7.68272397e-02,
        -1.08142997e-02, -5.89828559e-02],
       [-3.46934598e-01, -1.97480198e-02, -1.00412854e-02,
         1.61575734e-01,  9.95208590e-02,  7.68272397e-02,
        -2.60457077e-02,  3.69242268e-02],
       [-3.46934598e-01, -1.97480198e-02, -4.25055452e-03,
         1.61575734e-01,  9.95208590e-02, -1.49135230e-01,
        -2.60457077e-02, -3.50060852e-02],
       [-3.46934598e-01, -1.97480198e-02,  5.64544154e-02,
         1.61575734e-01,  9.95208590e-02,  7.68272397e-02,
        -5.65085236e-02,  3.69242268e-02],
       [-3.46934598e-01, -1.97480198e-02, -5.48334058e-03,
         1.61575734e-01,  9.95208590e-02, -1.49135230e-01,
         3.48799243e-02, -5.89828559e-02],
       [-3.46934598e-01, -1.97480198e-02,  1.14650706e-04,
         1.61575734e-01,  9.95208590e-02,  7.68272397e-02,
        -1.08142997e-02, -5.89828559e-02],
       [-3.46934598e-01, -1.97480198e-02, -8.88698335e-03,
         1.61575734e-01,  9.95208590e-02,  7.68272397e-02,
        -2.60457077e-02, -5.89828559e-02],
       [-3.46934598e-01, -1.97480198e-02, -6.84052645e-03,
         1.61575734e-01,  9.95208590e-02, -1.49135230e-01,
         1.96485163e-02,  1.29474562e-02],
       [-3.46934598e-01, -1.97480198e-02, -5.58851982e-03,
         1.61575734e-01,  9.95208590e-02,  7.68272397e-02,
         3.48799243e-02, -3.50060852e-02],
       [-3.46934598e-01, -1.97480198e-02, -2.85439360e-03,
         1.61575734e-01,  9.95208590e-02,  7.68272397e-02,
        -5.65085236e-02, -5.89828559e-02],
       [ 8.32643036e+00, -1.74826435e-02,  3.38649055e-02,
         1.61575734e-01, -9.85256504e+00, -3.75097700e-01,
         4.41710832e-03,  6.09009975e-02],
       [-3.46934598e-01, -1.97480198e-02, -2.59064465e-03,
         1.61575734e-01,  9.95208590e-02,  7.68272397e-02,
        -2.60457077e-02,  1.29474562e-02],
       [-3.46934598e-01, -1.97480198e-02, -1.08111761e-02,
         1.61575734e-01,  9.95208590e-02, -6.01060170e-01,
        -2.60457077e-02,  6.09009975e-02],
       [-3.46934598e-01, -1.97480198e-02,  5.59838638e-03,
         1.61575734e-01,  9.95208590e-02,  7.68272397e-02,
         1.96485163e-02, -5.89828559e-02],
       [-3.46934598e-01, -1.97480198e-02,  3.68700738e-03,
         1.61575734e-01,  9.95208590e-02,  7.68272397e-02,
        -5.65085236e-02, -3.50060852e-02],
       [-3.46934598e-01, -1.97480198e-02, -1.93287400e-03,
         1.61575734e-01,  9.95208590e-02,  7.68272397e-02,
        -2.60457077e-02,  1.29474562e-02],
       [-3.46934598e-01, -1.97480198e-02, -6.04500838e-03,
         1.61575734e-01,  9.95208590e-02,  7.68272397e-02,
         3.48799243e-02,  6.09009975e-02],
       [-3.46934598e-01, -1.97480198e-02, -1.43579053e-02,
         1.61575734e-01,  9.95208590e-02,  7.68272397e-02,
         3.48799243e-02,  1.29474562e-02],
       [-3.46934598e-01, -1.97480198e-02,  4.18510527e-02,
         1.61575734e-01,  9.95208590e-02,  7.68272397e-02,
         1.96485163e-02,  1.29474562e-02]])

.base_values =
array([-5.03128333, -5.03128333, -5.03128333, -5.03128333, -5.03128333,
       -5.03128333, -5.03128333, -5.03128333, -5.03128333, -5.03128333,
       -5.03128333, -5.03128333, -5.03128333, -5.03128333, -5.03128333,
       -5.03128333, -5.03128333, -5.03128333, -5.03128333, -5.03128333,
       -5.03128333, -5.03128333, -5.03128333, -5.03128333, -5.03128333,
       -5.03128333, -5.03128333, -5.03128333, -5.03128333, -5.03128333,
       -5.03128333, -5.03128333, -5.03128333, -5.03128333, -5.03128333,
       -5.03128333, -5.03128333, -5.03128333, -5.03128333, -5.03128333,
       -5.03128333, -5.03128333, -5.03128333, -5.03128333, -5.03128333,
       -5.03128333, -5.03128333, -5.03128333, -5.03128333, -5.03128333,
       -5.03128333, -5.03128333, -5.03128333, -5.03128333, -5.03128333,
       -5.03128333, -5.03128333, -5.03128333, -5.03128333, -5.03128333,
       -5.03128333, -5.03128333, -5.03128333, -5.03128333, -5.03128333,
       -5.03128333, -5.03128333, -5.03128333, -5.03128333, -5.03128333,
       -5.03128333, -5.03128333, -5.03128333, -5.03128333, -5.03128333,
       -5.03128333, -5.03128333, -5.03128333, -5.03128333, -5.03128333,
       -5.03128333, -5.03128333, -5.03128333, -5.03128333, -5.03128333,
       -5.03128333, -5.03128333, -5.03128333, -5.03128333, -5.03128333,
       -5.03128333, -5.03128333, -5.03128333, -5.03128333, -5.03128333,
       -5.03128333, -5.03128333, -5.03128333, -5.03128333, -5.03128333])

.data =
array([[0.00000000e+00, 0.00000000e+00, 2.33016196e-02, 0.00000000e+00,
        1.11111111e-01, 1.47058824e-02, 0.00000000e+00, 8.33333333e-01],
       [0.00000000e+00, 0.00000000e+00, 4.18403540e-02, 0.00000000e+00,
        1.11111111e-01, 1.47058824e-02, 1.00000000e+00, 0.00000000e+00],
       [0.00000000e+00, 0.00000000e+00, 3.06984659e-02, 0.00000000e+00,
        1.11111111e-01, 1.47058824e-02, 3.33333333e-01, 8.33333333e-01],
       [0.00000000e+00, 0.00000000e+00, 1.99994561e-02, 0.00000000e+00,
        1.11111111e-01, 1.47058824e-02, 6.66666667e-01, 6.66666667e-01],
       [0.00000000e+00, 0.00000000e+00, 3.55736246e-01, 0.00000000e+00,
        1.11111111e-01, 1.47058824e-02, 5.00000000e-01, 1.66666667e-01],
       [0.00000000e+00, 0.00000000e+00, 7.33701881e-02, 1.11111111e-01,
        0.00000000e+00, 0.00000000e+00, 5.00000000e-01, 6.66666667e-01],
       [0.00000000e+00, 0.00000000e+00, 1.67983000e-02, 0.00000000e+00,
        1.11111111e-01, 2.94117647e-02, 6.66666667e-01, 6.66666667e-01],
       [0.00000000e+00, 0.00000000e+00, 1.64991628e-02, 0.00000000e+00,
        1.11111111e-01, 1.47058824e-02, 1.66666667e-01, 6.66666667e-01],
       [0.00000000e+00, 0.00000000e+00, 1.57901689e-01, 0.00000000e+00,
        0.00000000e+00, 0.00000000e+00, 1.00000000e+00, 3.33333333e-01],
       [0.00000000e+00, 0.00000000e+00, 6.36734821e-02, 0.00000000e+00,
        1.11111111e-01, 1.47058824e-02, 6.66666667e-01, 1.66666667e-01],
       [0.00000000e+00, 0.00000000e+00, 2.64988909e-02, 0.00000000e+00,
        1.11111111e-01, 1.47058824e-02, 6.66666667e-01, 1.66666667e-01],
       [0.00000000e+00, 0.00000000e+00, 7.97958097e-02, 1.11111111e-01,
        0.00000000e+00, 0.00000000e+00, 1.00000000e+00, 8.33333333e-01],
       [0.00000000e+00, 0.00000000e+00, 1.18800188e-01, 0.00000000e+00,
        1.11111111e-01, 1.47058824e-02, 1.00000000e+00, 6.66666667e-01],
       [0.00000000e+00, 0.00000000e+00, 1.10486506e-02, 0.00000000e+00,
        1.11111111e-01, 1.47058824e-02, 6.66666667e-01, 3.33333333e-01],
       [0.00000000e+00, 0.00000000e+00, 3.56000420e-01, 0.00000000e+00,
        1.11111111e-01, 1.47058824e-02, 6.66666667e-01, 3.33333333e-01],
       [0.00000000e+00, 0.00000000e+00, 9.99895108e-02, 0.00000000e+00,
        1.11111111e-01, 1.47058824e-02, 0.00000000e+00, 0.00000000e+00],
       [0.00000000e+00, 0.00000000e+00, 1.08505208e-02, 0.00000000e+00,
        1.11111111e-01, 1.47058824e-02, 5.00000000e-01, 6.66666667e-01],
       [0.00000000e+00, 0.00000000e+00, 9.46011569e-02, 0.00000000e+00,
        1.11111111e-01, 1.47058824e-02, 3.33333333e-01, 8.33333333e-01],
       [0.00000000e+00, 0.00000000e+00, 5.99983683e-02, 0.00000000e+00,
        1.11111111e-01, 4.41176471e-02, 1.00000000e+00, 8.33333333e-01],
       [0.00000000e+00, 0.00000000e+00, 2.29799500e-01, 0.00000000e+00,
        1.11111111e-01, 1.47058824e-02, 8.33333333e-01, 6.66666667e-01],
       [0.00000000e+00, 0.00000000e+00, 5.11485702e-02, 0.00000000e+00,
        1.11111111e-01, 1.47058824e-02, 1.66666667e-01, 3.33333333e-01],
       [0.00000000e+00, 0.00000000e+00, 4.91012288e-02, 0.00000000e+00,
        1.11111111e-01, 2.94117647e-02, 6.66666667e-01, 8.33333333e-01],
       [0.00000000e+00, 0.00000000e+00, 1.28578477e-01, 0.00000000e+00,
        1.11111111e-01, 1.47058824e-02, 1.00000000e+00, 1.66666667e-01],
       [0.00000000e+00, 0.00000000e+00, 3.97327967e-01, 0.00000000e+00,
        1.11111111e-01, 1.47058824e-02, 8.33333333e-01, 0.00000000e+00],
       [0.00000000e+00, 0.00000000e+00, 1.49995921e-02, 0.00000000e+00,
        1.11111111e-01, 1.47058824e-02, 6.66666667e-01, 3.33333333e-01],
       [0.00000000e+00, 0.00000000e+00, 1.29910997e-02, 0.00000000e+00,
        1.11111111e-01, 1.47058824e-02, 5.00000000e-01, 0.00000000e+00],
       [0.00000000e+00, 0.00000000e+00, 1.49957072e-03, 0.00000000e+00,
        1.11111111e-01, 1.47058824e-02, 8.33333333e-01, 3.33333333e-01],
       [0.00000000e+00, 0.00000000e+00, 2.86161604e-02, 0.00000000e+00,
        1.11111111e-01, 1.47058824e-02, 6.66666667e-01, 1.66666667e-01],
       [0.00000000e+00, 0.00000000e+00, 6.39415401e-02, 0.00000000e+00,
        1.11111111e-01, 1.47058824e-02, 6.66666667e-01, 6.66666667e-01],
       [0.00000000e+00, 0.00000000e+00, 2.27289856e-01, 0.00000000e+00,
        1.11111111e-01, 1.47058824e-02, 1.66666667e-01, 3.33333333e-01],
       [0.00000000e+00, 0.00000000e+00, 7.85837215e-02, 0.00000000e+00,
        1.11111111e-01, 1.47058824e-02, 1.00000000e+00, 5.00000000e-01],
       [0.00000000e+00, 0.00000000e+00, 2.29799500e-01, 0.00000000e+00,
        1.11111111e-01, 1.47058824e-02, 1.00000000e+00, 8.33333333e-01],
       [0.00000000e+00, 0.00000000e+00, 9.39018752e-02, 0.00000000e+00,
        1.11111111e-01, 1.47058824e-02, 3.33333333e-01, 8.33333333e-01],
       [0.00000000e+00, 0.00000000e+00, 1.04398870e-01, 0.00000000e+00,
        1.11111111e-01, 1.47058824e-02, 5.00000000e-01, 3.33333333e-01],
       [0.00000000e+00, 0.00000000e+00, 2.21000206e-01, 0.00000000e+00,
        1.11111111e-01, 1.47058824e-02, 1.00000000e+00, 6.66666667e-01],
       [0.00000000e+00, 0.00000000e+00, 2.51003275e-02, 0.00000000e+00,
        1.11111111e-01, 1.47058824e-02, 3.33333333e-01, 0.00000000e+00],
       [0.00000000e+00, 0.00000000e+00, 2.07065076e-03, 0.00000000e+00,
        1.11111111e-01, 1.47058824e-02, 8.33333333e-01, 0.00000000e+00],
       [0.00000000e+00, 0.00000000e+00, 3.21009141e-02, 0.00000000e+00,
        1.11111111e-01, 1.47058824e-02, 6.66666667e-01, 0.00000000e+00],
       [0.00000000e+00, 0.00000000e+00, 4.25007867e-02, 0.00000000e+00,
        1.11111111e-01, 1.47058824e-02, 5.00000000e-01, 8.33333333e-01],
       [0.00000000e+00, 0.00000000e+00, 2.87109519e-01, 0.00000000e+00,
        1.11111111e-01, 1.47058824e-02, 8.33333333e-01, 8.33333333e-01],
       [9.09090909e-02, 1.06869280e-05, 1.53057221e-01, 0.00000000e+00,
        2.22222222e-01, 2.94117647e-02, 5.00000000e-01, 6.66666667e-01],
       [0.00000000e+00, 0.00000000e+00, 1.31989418e-01, 0.00000000e+00,
        1.11111111e-01, 2.94117647e-02, 0.00000000e+00, 3.33333333e-01],
       [0.00000000e+00, 0.00000000e+00, 5.65913126e-02, 0.00000000e+00,
        1.11111111e-01, 1.47058824e-02, 1.00000000e+00, 8.33333333e-01],
       [0.00000000e+00, 0.00000000e+00, 2.79988501e-01, 0.00000000e+00,
        1.11111111e-01, 1.47058824e-02, 5.00000000e-01, 3.33333333e-01],
       [0.00000000e+00, 0.00000000e+00, 1.27991857e-01, 0.00000000e+00,
        1.11111111e-01, 1.47058824e-02, 6.66666667e-01, 6.66666667e-01],
       [0.00000000e+00, 0.00000000e+00, 5.48936121e-03, 0.00000000e+00,
        1.11111111e-01, 2.94117647e-02, 6.66666667e-01, 8.33333333e-01],
       [0.00000000e+00, 0.00000000e+00, 1.75985890e-02, 0.00000000e+00,
        1.11111111e-01, 1.47058824e-02, 5.00000000e-01, 8.33333333e-01],
       [0.00000000e+00, 0.00000000e+00, 6.60704643e-02, 0.00000000e+00,
        1.11111111e-01, 1.47058824e-02, 0.00000000e+00, 8.33333333e-01],
       [0.00000000e+00, 0.00000000e+00, 1.51005994e-02, 0.00000000e+00,
        1.11111111e-01, 1.47058824e-02, 1.66666667e-01, 1.66666667e-01],
       [0.00000000e+00, 0.00000000e+00, 1.77967188e-01, 1.11111111e-01,
        0.00000000e+00, 0.00000000e+00, 6.66666667e-01, 6.66666667e-01],
       [0.00000000e+00, 0.00000000e+00, 2.79013391e-02, 0.00000000e+00,
        1.11111111e-01, 1.47058824e-02, 1.00000000e+00, 8.33333333e-01],
       [0.00000000e+00, 0.00000000e+00, 2.75990940e-01, 0.00000000e+00,
        1.11111111e-01, 1.47058824e-02, 0.00000000e+00, 8.33333333e-01],
       [0.00000000e+00, 0.00000000e+00, 4.94664092e-02, 0.00000000e+00,
        1.11111111e-01, 4.41176471e-02, 8.33333333e-01, 0.00000000e+00],
       [9.09090909e-02, 2.50549090e-04, 5.88989421e-02, 0.00000000e+00,
        2.22222222e-01, 2.94117647e-02, 1.66666667e-01, 3.33333333e-01],
       [0.00000000e+00, 0.00000000e+00, 2.69988773e-01, 0.00000000e+00,
        1.11111111e-01, 1.47058824e-02, 5.00000000e-01, 3.33333333e-01],
       [0.00000000e+00, 0.00000000e+00, 6.09897944e-01, 0.00000000e+00,
        1.11111111e-01, 1.47058824e-02, 5.00000000e-01, 1.66666667e-01],
       [0.00000000e+00, 0.00000000e+00, 1.19899614e-01, 0.00000000e+00,
        1.11111111e-01, 1.47058824e-02, 6.66666667e-01, 0.00000000e+00],
       [0.00000000e+00, 0.00000000e+00, 5.98002385e-02, 0.00000000e+00,
        1.11111111e-01, 1.47058824e-02, 5.00000000e-01, 3.33333333e-01],
       [0.00000000e+00, 0.00000000e+00, 5.69498887e-01, 0.00000000e+00,
        1.11111111e-01, 1.47058824e-02, 8.33333333e-01, 3.33333333e-01],
       [0.00000000e+00, 0.00000000e+00, 2.53990762e-01, 0.00000000e+00,
        1.11111111e-01, 1.47058824e-02, 1.66666667e-01, 0.00000000e+00],
       [0.00000000e+00, 0.00000000e+00, 3.99911424e-02, 0.00000000e+00,
        1.11111111e-01, 1.47058824e-02, 1.66666667e-01, 3.33333333e-01],
       [0.00000000e+00, 0.00000000e+00, 1.44945553e-01, 0.00000000e+00,
        1.11111111e-01, 1.47058824e-02, 5.00000000e-01, 3.33333333e-01],
       [0.00000000e+00, 0.00000000e+00, 5.31298683e-02, 0.00000000e+00,
        1.11111111e-01, 1.47058824e-02, 6.66666667e-01, 6.66666667e-01],
       [0.00000000e+00, 0.00000000e+00, 3.79904198e-02, 0.00000000e+00,
        1.11111111e-01, 2.94117647e-02, 1.00000000e+00, 8.33333333e-01],
       [0.00000000e+00, 0.00000000e+00, 7.57904797e-02, 0.00000000e+00,
        1.11111111e-01, 1.47058824e-02, 0.00000000e+00, 6.66666667e-01],
       [0.00000000e+00, 0.00000000e+00, 1.23889405e-02, 0.00000000e+00,
        1.11111111e-01, 1.47058824e-02, 5.00000000e-01, 1.66666667e-01],
       [0.00000000e+00, 0.00000000e+00, 1.06768658e-01, 0.00000000e+00,
        1.11111111e-01, 1.47058824e-02, 5.00000000e-01, 8.33333333e-01],
       [0.00000000e+00, 0.00000000e+00, 5.50101590e-03, 0.00000000e+00,
        1.11111111e-01, 2.94117647e-02, 1.00000000e+00, 3.33333333e-01],
       [0.00000000e+00, 0.00000000e+00, 8.99897827e-02, 0.00000000e+00,
        1.11111111e-01, 1.47058824e-02, 8.33333333e-01, 6.66666667e-01],
       [0.00000000e+00, 0.00000000e+00, 1.77967188e-01, 0.00000000e+00,
        1.11111111e-01, 1.47058824e-02, 6.66666667e-01, 3.33333333e-01],
       [0.00000000e+00, 0.00000000e+00, 5.50101590e-03, 0.00000000e+00,
        1.11111111e-01, 1.47058824e-02, 1.00000000e+00, 0.00000000e+00],
       [0.00000000e+00, 0.00000000e+00, 1.14398598e-01, 0.00000000e+00,
        1.11111111e-01, 1.47058824e-02, 8.33333333e-01, 3.33333333e-01],
       [0.00000000e+00, 0.00000000e+00, 2.77898425e-01, 0.00000000e+00,
        1.11111111e-01, 1.47058824e-02, 6.66666667e-01, 8.33333333e-01],
       [9.09090909e-02, 1.70199224e-05, 2.91988951e-02, 0.00000000e+00,
        2.22222222e-01, 4.41176471e-02, 6.66666667e-01, 1.66666667e-01],
       [0.00000000e+00, 0.00000000e+00, 1.39899070e-01, 0.00000000e+00,
        1.11111111e-01, 4.41176471e-02, 0.00000000e+00, 8.33333333e-01],
       [0.00000000e+00, 0.00000000e+00, 1.26744805e-01, 0.00000000e+00,
        1.11111111e-01, 1.47058824e-02, 6.66666667e-01, 6.66666667e-01],
       [0.00000000e+00, 0.00000000e+00, 9.56850435e-02, 1.11111111e-01,
        0.00000000e+00, 0.00000000e+00, 8.33333333e-01, 0.00000000e+00],
       [0.00000000e+00, 0.00000000e+00, 1.33706543e-01, 0.00000000e+00,
        1.11111111e-01, 1.47058824e-02, 1.66666667e-01, 0.00000000e+00],
       [0.00000000e+00, 0.00000000e+00, 1.09868807e-01, 0.00000000e+00,
        1.11111111e-01, 1.47058824e-02, 8.33333333e-01, 8.33333333e-01],
       [0.00000000e+00, 0.00000000e+00, 1.59991764e-01, 0.00000000e+00,
        1.11111111e-01, 2.94117647e-02, 1.66666667e-01, 6.66666667e-01],
       [0.00000000e+00, 0.00000000e+00, 5.37009483e-02, 1.11111111e-01,
        0.00000000e+00, 0.00000000e+00, 6.66666667e-01, 8.33333333e-01],
       [0.00000000e+00, 0.00000000e+00, 2.87987506e-02, 0.00000000e+00,
        1.11111111e-01, 1.47058824e-02, 5.00000000e-01, 8.33333333e-01],
       [0.00000000e+00, 0.00000000e+00, 3.56012074e-02, 0.00000000e+00,
        1.11111111e-01, 1.47058824e-02, 3.33333333e-01, 1.66666667e-01],
       [0.00000000e+00, 0.00000000e+00, 7.77368137e-02, 0.00000000e+00,
        1.11111111e-01, 2.94117647e-02, 3.33333333e-01, 6.66666667e-01],
       [0.00000000e+00, 0.00000000e+00, 5.19449743e-01, 0.00000000e+00,
        1.11111111e-01, 1.47058824e-02, 0.00000000e+00, 1.66666667e-01],
       [0.00000000e+00, 0.00000000e+00, 6.87665837e-02, 0.00000000e+00,
        1.11111111e-01, 2.94117647e-02, 1.00000000e+00, 8.33333333e-01],
       [0.00000000e+00, 0.00000000e+00, 1.09499742e-01, 0.00000000e+00,
        1.11111111e-01, 1.47058824e-02, 5.00000000e-01, 8.33333333e-01],
       [0.00000000e+00, 0.00000000e+00, 4.40003574e-02, 0.00000000e+00,
        1.11111111e-01, 1.47058824e-02, 3.33333333e-01, 8.33333333e-01],
       [0.00000000e+00, 0.00000000e+00, 5.88911723e-02, 0.00000000e+00,
        1.11111111e-01, 2.94117647e-02, 8.33333333e-01, 3.33333333e-01],
       [0.00000000e+00, 0.00000000e+00, 6.80012587e-02, 0.00000000e+00,
        1.11111111e-01, 1.47058824e-02, 1.00000000e+00, 6.66666667e-01],
       [0.00000000e+00, 0.00000000e+00, 8.78958226e-02, 0.00000000e+00,
        1.11111111e-01, 1.47058824e-02, 0.00000000e+00, 8.33333333e-01],
       [9.09090909e-02, 4.05311641e-04, 3.55079699e-01, 0.00000000e+00,
        2.22222222e-01, 4.41176471e-02, 6.66666667e-01, 0.00000000e+00],
       [0.00000000e+00, 0.00000000e+00, 8.98149623e-02, 0.00000000e+00,
        1.11111111e-01, 1.47058824e-02, 3.33333333e-01, 3.33333333e-01],
       [0.00000000e+00, 0.00000000e+00, 2.99991842e-02, 0.00000000e+00,
        1.11111111e-01, 5.88235294e-02, 3.33333333e-01, 0.00000000e+00],
       [0.00000000e+00, 0.00000000e+00, 1.49401531e-01, 0.00000000e+00,
        1.11111111e-01, 1.47058824e-02, 8.33333333e-01, 8.33333333e-01],
       [0.00000000e+00, 0.00000000e+00, 1.35493596e-01, 0.00000000e+00,
        1.11111111e-01, 1.47058824e-02, 0.00000000e+00, 6.66666667e-01],
       [0.00000000e+00, 0.00000000e+00, 9.46011569e-02, 0.00000000e+00,
        1.11111111e-01, 1.47058824e-02, 3.33333333e-01, 3.33333333e-01],
       [0.00000000e+00, 0.00000000e+00, 6.46796707e-02, 0.00000000e+00,
        1.11111111e-01, 1.47058824e-02, 1.00000000e+00, 0.00000000e+00],
       [0.00000000e+00, 0.00000000e+00, 4.19180520e-03, 0.00000000e+00,
        1.11111111e-01, 1.47058824e-02, 1.00000000e+00, 3.33333333e-01],
       [0.00000000e+00, 0.00000000e+00, 4.13190006e-01, 0.00000000e+00,
        1.11111111e-01, 1.47058824e-02, 8.33333333e-01, 3.33333333e-01]])