[array([[-0.012, -4.475, -3.947, -2.634,  3.831, -2.17 , -0.138, -0.134,
         1.861],
       [-0.235, -4.076, -3.432, -2.816, -0.184, -2.224, -0.372, -0.185,
         1.805],
       [-0.148, -3.135, -2.712, -1.957, -0.24 , -2.38 , -0.523, -0.224,
         1.663],
       [ 0.17 ,  1.99 ,  0.273,  2.68 ,  0.129, -2.6  , -0.539,  1.672,
        -2.011],
       [-0.361, -1.657, -0.194,  0.099,  1.011, -2.307, -0.42 , -0.467,
         1.476],
       [ 0.062, -4.589, -3.376, -3.099,  1.31 , -2.379, -0.244, -0.184,
         1.838],
       [ 0.144, -3.994, -2.753, -2.709,  0.348, -2.425, -0.337, -0.282,
         1.837],
       [ 0.066, -4.611, -3.203, -3.204,  0.922, -2.437, -0.27 , -0.183,
         1.828],
       [-0.274, -2.044,  0.668, -1.258,  0.093, -2.303, -0.437, -0.431,
         1.638],
       [ 0.099,  3.628,  2.459,  5.905, -0.731, -2.918, -0.567,  1.971,
        -1.581],
       [-0.29 ,  2.895,  1.259,  2.047, -1.175, -2.782, -0.736, -0.583,
         1.003],
       [ 0.691,  3.488,  0.114,  2.185,  0.286, -2.352, -0.576,  1.333,
        -2.134],
       [ 0.343, -3.251, -1.901, -2.724,  0.151, -2.394, -0.387, -0.314,
         1.871],
       [-0.208,  2.979,  1.341,  2.061, -0.075, -2.655, -0.649, -0.488,
         1.156],
       [ 0.279, -3.904, -3.429, -2.64 ,  0.515, -2.12 , -0.37 , -0.255,
         1.886],
       [ 0.414, -3.137, -2.228, -2.578, -0.085, -2.183, -0.442, -0.328,
         1.877],
       [ 0.368, -3.412, -2.852, -2.439,  0.965, -2.15 , -0.356, -0.307,
         1.932],
       [ 0.334, -3.959, -2.954, -2.897,  0.515, -2.171, -0.363, -0.251,
         1.904],
       [-0.177, -2.003,  0.696, -0.941, -0.672, -2.156, -0.597, -0.506,
         1.565],
       [ 0.243, -3.912, -3.492, -2.989,  0.628, -2.13 , -0.36 , -0.197,
         1.932],
       [ 0.181, -4.329, -4.199, -3.076,  2.336, -1.904, -0.223, -0.081,
         1.928],
       [ 0.274,  2.412,  1.689,  2.652, -0.452, -2.444,  2.371, -0.936,
        -3.463],
       [ 0.41 ,  2.125, -0.883, -0.494, -0.46 , -2.334,  2.809, -0.939,
        -3.878],
       [ 0.406,  2.15 , -0.787,  0.397, -0.157, -2.296,  2.503, -0.89 ,
        -3.869],
       [ 0.007,  3.281,  2.714,  4.048, -0.568, -2.086, -0.655,  2.291,
        -1.604],
       [-0.324,  1.903,  1.34 ,  0.69 , -0.872, -2.057, -0.755, -0.568,
         1.191],
       [-0.199, -1.989, -0.236, -2.319, -0.823, -1.886, -0.686, -0.452,
         1.698],
       [ 0.036,  1.658,  0.105,  1.341, -0.3  , -2.063, -0.629,  2.121,
        -1.931],
       [-0.205, -1.992, -0.543, -1.882, -0.543, -1.361, -0.668, -0.461,
         1.759],
       [ 0.593, -2.374, -0.919, -1.62 ,  0.536, -1.393, -0.449, -0.418,
         1.762],
       [-0.051,  2.525,  2.067,  3.052, -0.529, -1.555, -0.604,  2.229,
        -1.807],
       [-0.25 ,  0.217,  0.05 , -1.011,  0.094, -1.358, -0.638, -0.477,
         1.654],
       [-0.192, -1.561,  0.525, -1.429, -0.818, -1.402, -0.703, -0.503,
         1.602],
       [ 0.28 ,  2.122, -0.05 , -0.746, -0.377, -1.572,  2.779, -0.963,
        -4.049],
       [-0.349,  3.067,  1.506,  1.604, -1.199, -0.752, -0.823, -0.613,
         1.246],
       [ 0.575, -3.131, -2.455, -3.002,  0.5  , -0.777, -0.426, -0.275,
         1.997],
       [-0.217, -1.619,  0.525, -1.202, -0.961, -0.855, -0.759, -0.558,
         1.495],
       [-0.414,  3.716,  3.863,  2.193, -0.984, -0.798, -0.856, -0.677,
         0.876],
       [ 0.113,  3.494,  2.313,  4.009, -0.031, -0.874,  2.205, -0.922,
        -3.705],
       [-0.193, -1.365, -0.256, -2.185, -0.925, -0.855, -0.801, -0.494,
         1.677],
       [-0.068,  2.988,  2.567,  4.038, -0.607, -0.797, -0.607,  2.394,
        -1.741],
       [-0.059,  2.538,  2.099,  3.151, -0.554, -0.824, -0.616,  2.394,
        -1.771],
       [ 0.628, -3.797, -2.722, -2.911,  1.226, -0.713, -0.346, -0.275,
         1.972],
       [ 0.043,  3.449,  3.872,  2.915,  0.944,  1.151,  3.187, -1.001,
        -2.999],
       [-0.229,  3.232,  2.869,  4.473,  0.313,  0.894, -0.624, -0.512,
         1.413],
       [-0.117,  3.287,  4.292,  3.937, -0.428,  1.067, -0.647,  2.504,
        -1.625],
       [-0.267, -0.767,  0.142, -1.438, -0.926,  0.739, -0.852, -0.572,
         1.43 ],
       [-0.254, -0.772,  0.979, -1.278, -0.738,  0.717, -0.757, -0.561,
         1.484],
       [ 0.787, -3.038, -2.584, -1.531,  2.126,  0.887, -0.351, -0.349,
         1.787],
       [-0.054,  1.233,  0.314,  1.095, -0.103,  0.797, -0.634,  2.395,
        -1.904],
       [-0.259,  2.86 ,  1.96 ,  2.071,  0.177,  0.849, -0.698, -0.514,
         1.461],
       [-0.425,  0.509, -1.867, -1.448, -0.334,  0.876,  2.717, -1.02 ,
        -4.462],
       [-0.123,  2.527,  2.812,  3.289, -0.552,  0.962, -0.616,  2.498,
        -1.731],
       [ 0.799, -3.74 , -2.485, -2.804,  0.397,  1.82 , -0.428, -0.315,
         1.891],
       [ 0.781, -3.785, -2.618, -2.762, -0.129,  1.846, -0.479, -0.33 ,
         1.859],
       [ 0.793, -3.83 , -2.995, -2.746,  0.494,  1.811, -0.422, -0.295,
         1.909],
       [-0.016,  3.49 ,  2.269,  4.036, -0.053,  1.804,  2.239, -0.966,
        -3.762],
       [-0.178,  2.949,  3.197,  4.296, -0.301,  1.982, -0.569,  2.212,
        -1.875],
       [-0.232, -1.5  ,  0.548, -1.8  , -0.686,  2.981, -0.818, -0.528,
         1.314],
       [-0.312,  0.617, -0.571, -0.571,  0.055,  2.573, -0.81 , -0.531,
         1.492],
       [-0.028,  3.426,  3.933,  2.476,  1.186,  3.455,  3.204, -0.966,
        -2.957],
       [-0.147,  2.214,  2.441,  2.445, -0.535,  3.133, -0.656,  2.472,
        -1.629],
       [-0.458,  0.815,  1.068,  0.   , -0.8  ,  3.911, -0.841, -0.601,
         1.194],
       [-0.34 , -0.019, -0.946, -0.243,  1.136,  3.854, -0.643, -0.501,
         1.396],
       [-0.274,  1.519,  1.179,  1.472,  1.242,  3.95 , -0.644, -0.466,
         1.407],
       [-0.235,  3.259,  3.933,  5.41 , -0.568,  4.405, -0.578,  2.148,
        -1.723],
       [-0.211,  2.8  ,  2.933,  4.169, -0.445,  4.354, -0.593,  2.184,
        -1.729],
       [-0.404,  3.144,  2.988,  3.006, -0.704,  4.285, -0.734, -0.557,
         1.23 ],
       [-0.021,  2.816,  2.006,  2.694, -0.168,  4.326,  2.418, -0.957,
        -3.653],
       [ 0.04 ,  1.356,  1.265, -1.477,  1.355,  4.648,  3.59 , -0.907,
        -3.211],
       [-0.256, -1.6  , -0.894, -2.02 , -0.539,  3.816, -0.731, -0.472,
         1.471],
       [ 1.093, -3.826, -0.51 , -2.189, -0.497,  4.679, -0.623, -0.463,
         1.43 ],
       [-0.523,  2.329,  0.751,  0.124, -0.79 ,  5.616, -0.928, -0.612,
         1.   ],
       [-0.514,  2.333,  0.759,  0.987, -1.158,  5.441, -0.898, -0.624,
         1.061],
       [-0.049,  2.808,  2.015,  3.652, -0.385,  5.772,  2.458, -0.971,
        -3.498],
       [-0.202,  2.209,  2.701,  2.695, -0.522,  5.695, -0.629,  2.235,
        -1.583],
       [-0.237,  2.815,  3.074,  4.306, -0.378,  5.674, -0.571,  2.036,
        -1.74 ],
       [-0.541,  1.971,  1.534,  0.049, -1.013,  5.487, -0.89 , -0.608,
         1.012]])]